[1, 2017]	1409664
[1, 2019]	16569597
[10, 2015]	205045
[10, 2017]	12570063
[11, 2016]	1301586
[11, 2018]	16713911
[12, 2015]	347092
[12, 2017]	26687692
[2, 2016]	520040
[2, 2018]	22231978
[3, 2017]	2426471
[3, 2019]	18029582
[4, 2016]	1023096
[4, 2018]	20876642
[5, 2017]	4245516
[5, 2019]	24332475
[6, 2016]	1351536
[6, 2018]	22471788
[7, 2017]	7835875
[8, 2016]	1405743
[8, 2018]	19842059
[9, 2015]	173805
[9, 2017]	10672734
[1, 2016]	404816
[1, 2018]	33504270
[10, 2016]	1329847
[10, 2018]	17056926
[11, 2015]	234733
[11, 2017]	15292269
[12, 2016]	1316131
[12, 2018]	17107601
[2, 2017]	1410048
[2, 2019]	13413899
[3, 2016]	917170
[3, 2018]	20261862
[4, 2017]	2539966
[4, 2019]	19830158
[5, 2016]	1346796
[5, 2018]	25105717
[6, 2017]	7244657
[6, 2019]	25613628
[7, 2016]	1356907
[7, 2018]	19937033
[8, 2015]	85609
[8, 2017]	10523178
[9, 2016]	1387412
[9, 2018]	16056742
